 // Los tensors se asignan hacia abajo y los allocates hacia arriba
 
 Tensor 0 before name
 
                                    01 00 00 00
00 00 00 00 0C C0 04 08 00 00 00 00 00 00 00 00
02 00 00 00 04 00 00 00 00 00 00 00 00 00 00 00
00 00 00 00 00 00 00 00 00 00 00 00 00 00 00 00


Tensor 0 after name
                                    01 00 00 00
00 00 00 00 0C C0 04 08 00 00 00 00 00 00 00 00
02 00 00 00 04 00 00 00 00 00 00 00 EC BF 04 08
00 00 00 00 00 00 00 00 00 00 00 00 00 00 00 00

Tensor 1 before quantization

00 00 00 00 00 00 00 00 00 00 00 00 00 00 00 00
00 00 00 00 00 00 00 00 00 00 00 00 01 00 00 00
00 00 00 00 C4 C0 04 08 00 00 00 00 00 00 00 00
02 00 00 00 04 00 00 00 00 00 00 00 A4 C0 04 08
00 00 00 00 00 00 00 00 00 00 00 00 00 00 00 00
00 00 00 00 00 00 00 00 00 00 00 00 02 00 00 00
90 B6 04 08 50 C0 04 08 00 00 00 00 00 00 00 00
01 00 00 00 04 00 00 00 00 00 00 00 00 00 00 00
00 00 00 00 00 00 00 00 00 00 00 00 00 00 00 00
00 00 00 00 00 00 00 00 00 00 00 00 00 00 00 00

Tensor 1 after quantization

01 00 00 00 31 FB ED 38 01 00 00 00 00 00 00 00
90 15 00 20 98 15 00 20 00 00 00 00 01 00 00 00
00 00 00 00 C4 C0 04 08 00 00 00 00 00 00 00 00
02 00 00 00 04 00 00 00 00 00 00 00 A4 C0 04 08
00 00 00 00 00 00 00 00 00 00 00 00 00 00 00 00
00 00 00 00 00 00 00 00 00 00 00 00 02 00 00 00
90 B6 04 08 50 C0 04 08 31 FB ED 38 00 00 00 00
01 00 00 00 04 00 00 00 00 00 00 00 00 00 00 00
00 00 00 00 00 00 00 00 00 00 00 00 01 00 00 00
A0 15 00 20 00 00 00 00 00 00 00 00 00 00 00 00
00 00 00 00 00 00 00 00 00 00 00 00 00 00 00 00

Sine Model address: 0x0804B1B4

Tensor 1 before name


01 00 00 00 31 FB ED 38 01 00 00 00 00 00 00 00
90 15 00 20 98 15 00 20 00 00 00 00 01 00 00 00
00 00 00 00 0C C0 04 08 00 00 00 00 00 00 00 00
02 00 00 00 04 00 00 00 00 00 00 00 EC BF 04 08
00 00 00 00 00 00 00 00 00 00 00 00 00 00 00 00
00 00 00 00 00 00 00 00 00 00 00 00 02 00 00 00
D8 B5 04 08 98 BF 04 08 31 FB ED 38 00 00 00 00
01 00 00 00 04 00 00 00 00 00 00 00 00 00 00 00
00 00 00 00 00 00 00 00 00 00 00 00 01 00 00 00
A0 15 00 20 00 00 00 00 00 00 00 00 00 00 00 00

Tensor 1 after name



01 00 00 00 31 FB ED 38 01 00 00 00 00 00 00 00
90 15 00 20 98 15 00 20 00 00 00 00 
                                    01 00 00 00
00 00 00 00 0C C0 04 08 00 00 00 00 00 00 00 00
02 00 00 00 04 00 00 00 00 00 00 00 EC BF 04 08

00 00 00 00 00 00 00 00 00 00 00 00 00 00 00 00
00 00 00 00 00 00 00 00 00 00 00 00 
                                    02 00 00 00
D8 B5 04 08 98 BF 04 08 31 FB ED 38 00 00 00 00
01 00 00 00 04 00 00 00 00 00 00 00 84 BF 04 08
00 00 00 00 00 00 00 00 00 00 00 00 01 00 00 00
A0 15 00 20 00 00 00 00 00 00 00 00 00 00 00 00



Tensor 2 before quantization

01 00 00 00 31 FB ED 38 01 00 00 00 00 00 00 00
90 15 00 20 98 15 00 20 00 00 00 00 01 00 00 00
00 00 00 00 C4 C0 04 08 00 00 00 00 00 00 00 00
02 00 00 00 04 00 00 00 00 00 00 00 A4 C0 04 08
00 00 00 00 00 00 00 00 00 00 00 00 00 00 00 00
00 00 00 00 00 00 00 00 00 00 00 00 02 00 00 00
90 B6 04 08 50 C0 04 08 31 FB ED 38 00 00 00 00
01 00 00 00 04 00 00 00 00 00 00 00 3C C0 04 08
00 00 00 00 00 00 00 00 00 00 00 00 01 00 00 00
A0 15 00 20 00 00 00 00 00 00 00 00 09 00 00 00
6C B6 04 08 C8 BF 04 08 00 00 00 00 00 00 00 00
01 00 00 00 10 00 00 00 00 00 00 00 00 00 00 00


Tensor 2 after quantization


00 00 00 00 01 00 00 00 95 15 08 3C 01 00 00 00
00 00 00 00 74 15 00 20 7C 15 00 20 00 00 00 00
01 00 00 00 31 FB ED 38 01 00 00 00 00 00 00 00
90 15 00 20 98 15 00 20 00 00 00 00 01 00 00 00
00 00 00 00 C4 C0 04 08 00 00 00 00 00 00 00 00
02 00 00 00 04 00 00 00 00 00 00 00 A4 C0 04 08
00 00 00 00 00 00 00 00 00 00 00 00 00 00 00 00
00 00 00 00 00 00 00 00 00 00 00 00 02 00 00 00
90 B6 04 08 50 C0 04 08 31 FB ED 38 00 00 00 00
01 00 00 00 04 00 00 00 00 00 00 00 3C C0 04 08
00 00 00 00 00 00 00 00 00 00 00 00 01 00 00 00
A0 15 00 20 00 00 00 00 00 00 00 00 09 00 00 00
6C B6 04 08 C8 BF 04 08 95 15 08 3C 00 00 00 00
01 00 00 00 10 00 00 00 00 00 00 00 00 00 00 00
00 00 00 00 00 00 00 00 00 00 00 00 01 00 00 00
84 15 00 20 00 00 00 00 00 00 00 00 00 00 00 00